image_width: 176
image_height: 144
camera_name: cam3d
camera_matrix:
  rows: 3
  cols: 3
  data: [249.58, 0, 83.60, 0, 248.65, 76.10, 0, 0, 1]
distortion_coefficients:
  rows: 1
  cols: 5
  data: [-0.8, 0.3, 0.01, 0, 0]
rectification_matrix:
  rows: 3
  cols: 3
  data: [1, 0, 0, 0, 1, 0, 0, 0, 1]
projection_matrix:
  rows: 3
  cols: 4
  data: [249.58, 0, 83.60, 0, 0, 248.65, 76.10, 0, 0, 0, 1, 0]

