image_width: 176
image_height: 144
camera_matrix:
  rows: 3
  cols: 3
  data: [252.05882, 0, 88.74137, 0, 251.85708, 69.33685, 0, 0, 1]
distortion_coefficients:
  rows: 1
  cols: 5
  data: [-0.97324, 2.53447, 0.00571, 0.00419, 0]
