image_width: 640
image_height: 480
camera_name: kinect_color
camera_matrix:
  rows: 3
  cols: 3
  data: [528.510405, 0.000000, 312.582881, 0, 529.922849, 260.207185, 0, 0, 1]
distortion_coefficients:
  rows: 1
  cols: 5
  data: [0.212146, -0.413482, 0.002698, -0.001446, 0.000000]
rectification_matrix:
  rows: 3
  cols: 3
  data: [1, 0, 0, 0, 1, 0, 0, 0, 1]
projection_matrix:
  rows: 3
  cols: 4
  data: [1, 0, 0, 0, 0, 1, 0, 0, 0, 0, 1, 0]