image_width: 640
image_height: 480
camera_name: depth_A00366909204046A
camera_matrix:
   rows: 3
   cols: 3
   data: [ 585.05108211, 0.00000000, 315.83800193, 0.00000000, 585.05108211, 242.94140713, 0.00000000, 0.00000000, 1.00000000 ]
distortion_model: plumb_bob
distortion_coefficients:
   rows: 1
   cols: 5
   data: [ 0.00000000, 0.00000000, 0.00000000, 0.00000000, 0.00000000 ]
rectification_matrix:
   rows: 3
   cols: 3
   data: [ 1., 0., 0., 0., 1., 0., 0., 0., 1. ]
projection_matrix:
   rows: 3
   cols: 4
   data: [ 585.05108211, 0.00000000, 315.83800193, 0., 0.00000000, 585.05108211, 242.94140713, 0., 0.00000000, 0.00000000, 1.00000000, 0. ]

