image_width: 640
image_height: 480
camera_name: right
camera_matrix:
  rows: 3
  cols: 3
  data: [527.595653, 0.000000, 313.357624, 0, 526.138418, 258.808737, 0, 0, 1]
distortion_coefficients:
  rows: 1
  cols: 5
  data: [0.251844, -0.617860, 0.002189, 0.000458, 0.000000]
rectification_matrix:
  rows: 3
  cols: 3
  data: [1, 0, 0, 0, 1, 0, 0, 0, 1]
projection_matrix:
  rows: 3
  cols: 4
  data: [527.595653, 0.000000, 313.357624, 0, 0, 526.138418, 258.808737, 0, 0, 0, 1, 0]

