image_width: 1360
image_height: 1024
camera_name: right
camera_matrix:
  rows: 3
  cols: 3
  data: [1442.379517, 0.000000, 691.077031, 0, 1438.067494, 522.581452, 0, 0, 1]
distortion_coefficients:
  rows: 1
  cols: 5
  data: [-0.262314, 0.218288, 0.000219, -0.000282, 0.000000]
rectification_matrix:
  rows: 3
  cols: 3
  data: [1, 0, 0, 0, 1, 0, 0, 0, 1]
projection_matrix:
  rows: 3
  cols: 4
  data: [1442.379517, 0.000000, 691.077031, 0, 0, 1438.067494, 522.581452, 0, 0, 0, 1, 0]
auto_exposure:     True
exposure_auto_max: 25000
exposure_auto_target: 40
exposure:          0.009
auto_gain:         True
gain_auto_target: 40
gain:              1
auto_whitebalance: True
frame_id: head_color_camera_l_link
stream_bytes_per_second: 55000000
auto_adjust_stream_bytes_per_second: False
trigger_mode: syncin1
packet_size: 9000
