image_width: 1360
image_height: 1024
camera_name: right
camera_matrix:
  rows: 3
  cols: 3
  data: [1442.414708, 0.000000, 696.327451, 0, 1437.766440, 530.512156, 0, 0, 1]
distortion_coefficients:
  rows: 1
  cols: 5
  data: [-0.264403, 0.225415, 0.000405, 0.000247, 0.000000]
rectification_matrix:
  rows: 3
  cols: 3
  data: [1, 0, 0, 0, 1, 0, 0, 0, 1]
projection_matrix:
  rows: 3
  cols: 4
  data: [1442.414708, 0.000000, 696.327451, 0, 0, 1437.766440, 530.512156, 0, 0, 0, 1, 0]
auto_exposure:     True
exposure_auto_max: 25000
exposure_auto_target: 40
exposure:          0.009
auto_gain:         True
gain_auto_target: 40
gain:              1
auto_whitebalance: True
frame_id: head_color_camera_r_link
stream_bytes_per_second: 54000000
auto_adjust_stream_bytes_per_second: False
trigger_mode: streaming
packet_size: 9000
